{"columns":["score","gdp_per_capita","social_support","life_expectancy","freedom","corruption","generosity","hdi"],"index":["score","gdp_per_capita","social_support","life_expectancy","freedom","corruption","generosity","hdi"],"data":[[1.0,0.713,0.676,0.687,0.541,0.417,0.092,0.799],[0.713,1.0,0.51,0.544,0.475,0.336,-0.181,0.844],[0.676,0.51,1.0,0.617,0.292,0.164,0.061,0.686],[0.687,0.544,0.617,1.0,0.227,0.298,0.023,0.815],[0.541,0.475,0.292,0.227,1.0,0.391,0.112,0.36],[0.417,0.336,0.164,0.298,0.391,1.0,0.198,0.35],[0.092,-0.181,0.061,0.023,0.112,0.198,1.0,-0.051],[0.799,0.844,0.686,0.815,0.36,0.35,-0.051,1.0]]}