{"columns":["score","gdp_per_capita","social_support","life_expectancy","freedom","corruption","generosity","hdi"],"index":["score","gdp_per_capita","social_support","life_expectancy","freedom","corruption","generosity","hdi"],"data":[[1.0,0.706,0.673,0.679,0.54,0.436,0.104,0.8],[0.706,1.0,0.49,0.512,0.477,0.349,-0.168,0.834],[0.673,0.49,1.0,0.608,0.273,0.193,0.107,0.682],[0.679,0.512,0.608,1.0,0.208,0.302,0.031,0.807],[0.54,0.477,0.273,0.208,1.0,0.411,0.132,0.36],[0.436,0.349,0.193,0.302,0.411,1.0,0.203,0.362],[0.104,-0.168,0.107,0.031,0.132,0.203,1.0,-0.036],[0.8,0.834,0.682,0.807,0.36,0.362,-0.036,1.0]]}